VGA Intrinsics left: {width: [1280], height: [720], fx: [1121.00549316406250000], fy: [1119.95153808593750000], cx: [633.62609863281250000], cy: [350.42047119140625000], coeffs: [0.11668777465820312, -0.43964767456054688, 0.00127410888671875, -0.00030899047851562, 0.48360443115234375], p: [1160.00000000000000000, 0.00000000000000000, 651.33239746093750000, 0.00000000000000000, 0.00000000000000000, 1160.00000000000000000, 349.23742675781250000, 0.00000000000000000, 0.00000000000000000, 0.00000000000000000, 1.00000000000000000, 0.00000000000000000], r: [0.99986684322357178, 0.00164186954498291, -0.01622843742370605, -0.00161051750183105, 0.99999678134918213, 0.00194382667541504, 0.01623165607452393, -0.00191748142242432, 0.99986636638641357]}
VGA Intrinsics right: {width: [1280], height: [720], fx: [1124.39331054687500000], fy: [1123.03247070312500000], cx: [623.50579833984375000], cy: [346.51705932617187500], coeffs: [0.10781860351562500, -0.43170166015625000, 0.00031661987304688, 0.00117874145507812, 0.60107803344726562], p: [1160.00000000000000000, 0.00000000000000000, 651.33239746093750000, -44642.02343750000000000, 0.00000000000000000, 1160.00000000000000000, 349.23742675781250000, 0.00000000000000000, 0.00000000000000000, 0.00000000000000000, 1.00000000000000000, 0.00000000000000000], r: [0.99990570545196533, 0.00311076641082764, -0.01336836814880371, -0.00313663482666016, 0.99999320507049561, -0.00190973281860352, 0.01336228847503662, 0.00195157527923584, 0.99990880489349365]}
VGA Extrinsics left to right: {rotation: [0.99999463558197021, -0.00152039527893066, -0.00287246704101562, 0.00153148174285889, 0.99999141693115234, 0.00384461879730225, 0.00286662578582764, -0.00384902954101562, 0.99998843669891357], translation: [-39.86067199707031250, 0.00000000000000000, 0.00000000000000000]}
HD Intrinsics left: {width: [1280], height: [720], fx: [1118.45275878906250000], fy: [1116.40747070312500000], cx: [638.50128173828125000], cy: [356.89251708984375000], coeffs: [0.10238265991210938, -0.28760910034179688, 0.00077438354492188, -0.00054550170898438, 0.02465057373046875], p: [1200.00000000000000000, 0.00000000000000000, 588.31652832031250000, 0.00000000000000000, 0.00000000000000000, 1200.00000000000000000, 353.89343261718750000, 0.00000000000000000, 0.00000000000000000, 0.00000000000000000, 1.00000000000000000, 0.00000000000000000], r: [0.99956667423248291, -0.00205409526824951, 0.02936327457427979, 0.00197780132293701, 0.99999451637268066, 0.00262641906738281, -0.02936851978302002, -0.00256717205047607, 0.99956524372100830]}
HD Intrinsics right: {width: [1280], height: [720], fx: [1118.02551269531250000], fy: [1115.52124023437500000], cx: [629.69726562500000000], cy: [351.26336669921875000], coeffs: [0.09351348876953125, -0.31697082519531250, -0.00126266479492188, 0.00119018554687500, 0.36119079589843750], p: [1200.00000000000000000, 0.00000000000000000, 588.31652832031250000, -45954.85937500000000000, 0.00000000000000000, 1200.00000000000000000, 353.89343261718750000, 0.00000000000000000, 0.00000000000000000, 0.00000000000000000, 1.00000000000000000, 0.00000000000000000], r: [0.99945771694183350, -0.00054872035980225, 0.03292131423950195, 0.00063431262969971, 0.99999642372131348, -0.00258696079254150, -0.03291976451873779, 0.00260639190673828, 0.99945449829101562]}
HD Extrinsics left to right: {rotation: [0.99999272823333740, -0.00133419036865234, -0.00355637073516846, 0.00135266780853271, 0.99998545646667480, 0.00521564483642578, 0.00354933738708496, -0.00522041320800781, 0.99997997283935547], translation: [-40.10966873168945312, 0.00000000000000000, 0.00000000000000000]}
